0.000871644
0.000520435
0.000760275
0.000278008
0.000449833
0.000368614
0.000436743
0.000313501
0.00032064
0.000430205
0.000206049
0.00036493
0.000436145
0.000270161
0.000237592
0.000268921
0.000153487
0.000201911
0.000157941
0.000193836
0.000159837
0.000149973
0.000169839
0.000272022
0.000163967
0.000181527
0.000267742
0.000315201
0.000146103
0.00015
0.000268272
0.000225348
0.000164438
0.00018429
0.000132473
0.000171922
0.000217591
0.000201486
0.000170735
0.000285426
0.000168709
0.000185616
0.000244462
0.000252226
0.00015143
0.00016788
0.000150631
0.000132986
0.000147462
0.000187396
0.000167471
0.000234949
0.000168841
0.000214734
0.000156155
0.000139461
0.000154851
0.000159704
0.000230532
0.000315422
0.000139513
0.000156821
0.000129476
0.000163513
0.000182649
0.000317844
0.000163047
0.000181274
0.000264064
0.000225506
0.000147189
0.000317254
0.000184225
0.00019563
0.000187779
0.000174114
0.000157897
0.000194438
0.000194344
0.000238751
0.000268354
0.00021189
0.000141693
0.00020767
0.000183094
0.000190793
0.000287768
0.000351591
0.000362733
0.000164506
0.000154198
0.000170995
0.000154412
0.000132
0.000246398
0.000136378
0.000390075
0.000169803
0.000205322
0.000300914
0.00082592
0.00128143
0.000465925
0.000364538
0.00025002
0.000219529
0.000219379
0.000242218
0.000186206
0.000345459
0.000223781
0.000271981
0.000327825
0.000157738
0.00015682
0.000212205
0.000223688
0.000199759
0.000156573
0.000190377
0.000136648
0.00020381
0.00028533
0.000200611
0.000149898
0.000138832
0.000226086
0.000297882
0.000293237
0.000188383
0.000364606
0.000260063
0.000260263
0.000176411
0.000262806
0.000167028
0.000181076
0.000244417
0.000195916
0.000268275
0.000245124
0.0001715
0.000208667
0.000270825
0.000279919
0.000153156
0.000148656
0.000306472
0.000181173
0.00018593
0.000184604
0.000227088
0.000166164
0.000154288
0.000212672
0.000183155
0.000194838
0.000180789
0.000218187
0.000131793
0.00025057
0.000188302
0.000199968
0.000199198
0.0002001
0.000199269
0.000217348
0.000351788
0.000193714
0.000166458
0.00019138
0.000189515
0.00193073
0.000204856
0.000285399
0.000148568
0.000276647
0.00017962
0.000223631
0.00019767
0.000137055
0.000153922
0.000222202
0.000168093
0.000186516
0.000202204
0.000285865
0.000335466
0.00013254
0.000383113
0.000261537
0.000346849
0.000814279
0.000206263
0.000175984
0.000214235
0.000398879
0.000407546
0.000160536
0.000200588
0.000782523
0.000403449
0.000364922
0.000272537
0.000258093
0.000374203
0.000216022
0.000174904
0.000151142
0.000254816
0.000138153
0.000199349
0.000193771
0.000158949
0.000258928
0.000244402
0.000180216
0.000404942
0.000176178
0.000154813
0.000258417
0.000189461
0.000191938
0.000157134
0.000212949
0.000192851
0.000187095
0.000222028
0.000238122
0.000195059
0.000198943
0.000186747
0.00018664
0.0001624
0.000197816
0.000278676
0.000335806
0.000261325
0.000234077
0.000224493
0.000244519
0.000223852
0.000328357
0.000265471
0.000169321
0.000184963
0.000217606
0.000208544
0.000301373
0.000219568
0.00019521
0.000219106
0.00043941
0.000276152
0.000178181
0.00017146
0.000176634
0.000238875
0.000320362
0.000289877
0.00027126
0.000163106
0.000181079
0.000178775
0.000199789
0.000194731
0.000196221
0.00023773
0.000219842
0.000195882
0.00015365
0.000159499
0.00017585
0.00018794
0.000229162
0.000241623
0.000191586
0.000214761
0.000220557
0.000279862
0.000175085
0.000183318
0.000143531
0.000138024
0.00026934
0.000179404
0.000341543
0.000175523
0.000167428
0.000263036
0.000195966
0.000162914
0.000169082
0.000293589
0.000330001
0.000287112
0.000139599
0.000410754
0.000280025
0.000185065
0.000653569
0.000539437
0.000967205
0.000398909
0.000466533
0.000189386
0.000185976
0.000184827
0.000166461
0.000212215
0.000330086
0.000156967
0.000160842
0.000189314
0.000156593
0.000208641
0.000127871
0.000184144
0.000171381
0.000142132
0.000151463
0.000224334
0.000140362
0.000194562
0.000206586
0.000178607
0.000172089
0.000174336
0.000157621
0.000206543
0.00017588
0.000196441
0.000181159
0.000182754
0.000173459
0.000165602
0.000185057
0.000174617
0.000235612
0.00030339
0.000154362
0.000202183
0.000222338
0.000188406
0.000211943
0.000178255
0.000242233
0.000172551
0.000150089
0.000158853
0.000146984
0.000259652
0.000205995
0.000222019
0.0001564
0.000160644
0.000155352
0.000244309
0.000155597
0.000156519
0.000141949
0.000452265
0.000182294
0.00022371
0.000185571
0.000184538
0.000235259
0.000184075
0.000199607
0.000193285
0.000196435
0.000169155
0.000158882
0.000185231
0.000228083
0.000332835
0.000151897
0.000164961
0.000161721
0.000162871
0.000220653
0.000401051
0.000177418
0.000143871
0.000268594
0.000194083
0.000142351
0.000204516
0.000157517
0.000397003
0.000344548
0.000242122
0.000216319
0.000239488
0.000154547
0.000176696
0.000157266
0.000209117
0.000209812
0.000155412
0.000939442
0.000638985
0.000870743
0.000455524
0.000261574
0.00019794
0.000201778
0.000166714
0.000160063
0.000145506
0.000142136
0.000229202
0.000226825
0.000286996
0.00016083
0.000227604
0.000243206
0.000148652
0.000160535
0.000180557
0.000216223
0.000207006
0.000155249
0.000257276
0.000152351
0.00013798
0.000188501
0.000137671
0.000150359
0.000154294
0.000350119
0.000188954
0.00019049
0.000236748
0.000211695
0.000162105
0.000217615
0.000183205
0.00024277
0.000232213
0.000196221
0.000225724
0.000148844
0.00016693
0.000237953
0.000194863
0.000171937
0.000196505
0.000145357
0.000159444
0.000186082
0.00032082
0.000149883
0.000165449
0.000203672
0.000195792
0.00027814
0.000257006
0.000160964
0.000150718
0.000168109
0.000228795
0.000224524
0.000144489
0.000158276
0.000252258
0.000153376
0.000221669
0.000169458
0.000293722
0.000307493
0.000165737
0.000139253
0.000173896
0.000167819
0.000197043
0.00018818
0.000288793
0.00018209
0.000122757
0.000182268
0.000184518
0.000192568
0.000199588
0.000172885
0.000145057
0.000122032
0.000247968
0.000137276
0.000144311
0.000135693
0.000164423
0.000152306
0.000277775
0.000126092
0.00012953
0.000150496
0.000124985
0.000126202
0.000141724
0.00102605
0.00069893
0.000670098
0.0008108
0.000582466
0.000629757
0.000866327
0.000997702
0.000689421
0.00101249
0.000930888
0.000994103
0.000668664
0.000849696
0.00074858
0.00101419
0.00064811
0.000642964
0.00079119
0.000689467
0.000738347
0.000676074
0.000405927
0.000788905
0.000525201
0.000726054
0.00074404
0.000815482
0.000911624
0.000613596
0.000664522
0.000576426
0.000774892
0.000684617
0.00112383
0.00084986
0.000990187
0.00139573
0.00122737
0.000766153
0.000645991
0.000872973
0.000933934
0.000783856
0.00077048
0.000944048
0.000511966
0.000744337
0.00180117
0.000799359
0.000664331
0.000782471
0.000824863
0.000677447
0.000821877
0.000692374
0.000517139
0.000447513
0.000354201
0.00106535
0.000506315
0.000547144
0.000592587
0.000458988
0.00042914
0.000637812
0.000651452
0.00031064
0.00043919
0.000535656
0.000582491
0.000434213
0.000407195
0.000335893
0.000497209
0.000463432
0.000369945
0.000518538
0.000428113
0.000749358
0.00085874
0.000487678
0.000388573
0.000426589
0.000506697
0.000471294
0.000497311
0.000782978
0.000374487
0.000608724
0.000590941
0.000336302
0.000408574
0.000462614
0.000577065
0.000339398
0.000437514
0.000530254
0.000545469
0.000468166
0.000195845
0.00024916
0.000219805
0.000362548
0.000395552
0.000437091
0.000282081
0.000252594
0.000225702
0.000428744
0.000227779
0.000196864
0.000310483
0.000245517
0.000335967
0.000226373
0.000260104
0.000216315
0.000262043
0.00027114
0.000198
0.000199792
0.000194067
0.000160398
0.000199398
0.000483056
0.000184023
0.000315652
0.000226504
0.000436654
0.000160685
0.000232732
0.000190416
0.000195671
0.000260524
0.000235313
0.000167786
0.000181098
0.000171063
0.000140179
0.000202215
0.000341718
0.000198848
0.000285737
0.00021371
0.000271065
0.000207372
0.000195402
0.000182896
0.000329762
0.000194659
0.000162861
0.000185163
0.000326385
0.000217997
0.000146093
0.000191225
0.000253231
0.000183225
0.000268919
0.000242733
0.000158545
0.00018818
0.000204789
0.000127695
0.000243572
0.000182185
0.000189402
0.000218299
0.000213913
0.000173204
0.000235043
0.000206739
0.000234419
0.000251238
0.000177357
0.000232748
0.000243984
0.000168907
0.000147045
0.000203795
0.00017329
0.000177901
0.000148047
0.000192377
0.000135832
0.000186073
0.000134936
0.000137885
0.000179534
0.000134798
0.000253821
0.000206183
0.000131777
0.000157762
0.000140517
0.000238459
0.000216632
0.000204577
0.000168581
