0.000639836
0.000632237
0.00060634
0.000460867
0.000256646
0.000165216
0.00037314
0.000221636
0.000181351
0.000181552
0.000332464
0.000171394
0.000166851
0.000154259
0.000382713
0.000148805
0.000145718
0.000465407
0.000179435
0.000160184
0.000251021
0.000154603
0.00020081
0.000168683
0.000192677
0.000161242
0.000155275
0.000222026
0.000166414
0.000153523
0.000163267
0.000266658
0.000250423
0.000154026
0.000236881
0.00018606
0.000177381
0.000164574
0.000195339
0.000168515
0.000239141
0.000237835
0.000174109
0.000169577
0.000191191
0.000196479
0.000190422
0.000189421
0.000325917
0.000168546
0.000281242
0.000222025
0.000178853
0.000173081
0.000156725
0.000173576
0.000143704
0.000162109
0.000191421
0.000256808
0.000280546
0.000133948
0.000168744
0.000191929
0.000130191
0.000149101
0.000152414
0.000129303
0.000176302
0.000172833
0.000159795
0.00025681
0.000150561
0.000139404
0.000169148
0.000168902
0.00018316
0.000143909
0.000206778
0.000149175
0.000159361
0.000202107
0.000158917
0.000335728
0.000180665
0.000214917
0.000148899
0.000152576
0.000176597
0.000166651
0.000161368
0.000145625
0.000247867
0.000154646
0.00013608
0.000141727
0.000156135
0.000285428
0.000202335
0.00016843
0.000493293
0.000329264
0.000183631
0.000251387
0.000143938
0.000173355
0.000193032
0.000226831
0.000212866
0.000244802
0.000249014
0.000346891
0.000419303
0.00024786
0.000228956
0.000171314
0.000145792
0.000242372
0.000193157
0.000173355
0.000397811
0.000278463
0.000147379
0.000171292
0.000182309
0.000150022
0.000174828
0.000157431
0.000204852
0.000812623
0.000194842
0.000180268
0.000410216
0.000177834
0.000173346
0.00019685
0.000160243
0.000256005
0.000323606
0.000180182
0.00016299
0.000174072
0.000145672
0.000239462
0.000137272
0.000147139
0.000201894
0.00026474
0.000185236
0.000213019
0.000279564
0.000181643
0.000213723
0.0002375
0.000186612
0.0001881
0.000164439
0.000164947
0.000392642
0.000135426
0.000234064
0.000373792
0.000149896
0.000194607
0.000217204
0.00015585
0.000182135
0.000159952
0.000147748
0.000170646
0.000234676
0.000273036
0.000150113
0.000171505
0.000197759
0.000229086
0.000203785
0.00037437
0.000212919
0.000370451
0.000313761
0.000203074
0.000270309
0.000367181
0.000156337
0.0001916
0.000176749
0.000160808
0.000314766
0.000365669
0.000267963
0.000174951
0.00036886
0.000329392
0.000257043
0.000239571
0.000184914
0.000139296
0.000193029
0.000128402
0.000987533
0.000673938
0.000334004
0.000206386
0.000195723
0.000216834
0.000188504
0.00016373
0.000176629
0.000150642
0.000450818
0.000226058
0.000208582
0.000191951
0.000150661
0.000253985
0.000179148
0.000247528
0.000155559
0.000158086
0.000258792
0.000209394
0.000317792
0.000255169
0.000311846
0.000195512
0.000223186
0.000176823
0.000187307
0.000160538
0.000175526
0.000171963
0.000156206
0.00017865
0.000260616
0.00016962
0.000163901
0.000140201
0.000157186
0.000144555
0.000177582
0.000160822
0.000148809
0.000144149
0.000158311
0.000204514
0.000257334
0.000165362
0.000155531
0.000153196
0.000209369
0.000292863
0.000155952
0.000226369
0.000163516
0.000197447
0.000165636
0.000182721
0.0001706
0.000209275
0.000152065
0.000151211
0.000395064
0.000209437
0.000212289
0.00016912
0.000211496
0.00022798
0.000191226
0.000234706
0.000236981
0.000137322
0.000152915
0.000170391
0.000145592
0.000236341
0.000175657
0.00015198
0.0001334
0.000312912
0.000355943
0.000276814
0.000182684
0.00019461
0.000149075
0.000222835
0.000227026
0.000310253
0.00016678
0.000180178
0.000150609
0.000295002
0.000211613
0.000311202
0.000226125
0.000164068
0.000233299
0.000200501
0.000222078
0.00021566
0.000777509
0.000503105
0.000403242
0.000225255
0.000249243
0.000179546
0.0001515
0.000144882
0.00019397
0.000398032
0.000155312
0.000170313
0.000212082
0.000160121
0.000204189
0.000319
0.000208719
0.000132476
0.000178741
0.000144457
0.000231785
0.000194869
0.000265506
0.000283371
0.000350478
0.000355082
0.000356276
0.000195274
0.000140252
0.00017845
0.000178399
0.000263473
0.000169174
0.000368129
0.000182328
0.000143094
0.000251767
0.000368681
0.000203727
0.000302405
0.000230194
0.000224679
0.000143505
0.000145171
0.000184368
0.000158882
0.000153449
0.000196743
0.000202151
0.000261189
0.000200794
0.000368737
0.000162513
0.000153961
0.000183868
0.000206013
0.00025266
0.00023577
0.00016628
0.000243009
0.000162949
0.000193355
0.00371921
0.00368718
0.00750612
0.000143882
0.00018206
0.000150532
0.000169614
0.000153718
0.000224527
0.000159944
0.000140055
0.000173577
0.000166796
0.000122071
0.000175431
0.000163895
0.000158431
0.000162697
0.000168822
0.000175913
0.000288929
0.00013317
0.00016056
0.000170817
0.000160298
0.000124535
0.00016667
0.000141946
0.000127683
0.000127413
0.000237516
0.000144754
0.000161493
0.000180318
0.000139959
0.000140325
0.000130015
0.000120617
0.000780139
0.000658317
0.000896107
0.000503991
0.000260373
0.000213485
0.000156432
0.000153477
0.000176955
0.000219261
0.000175555
0.000157452
0.00021213
0.00032655
0.000168024
0.000201148
0.000265255
0.000243087
0.000199831
0.000182373
0.000302894
0.000181278
0.000151677
0.000197649
0.0001899
0.000162814
0.000226144
0.000331594
0.000147412
0.00015705
0.000250348
0.000187987
0.000150183
0.00015762
0.000176411
0.000154582
0.00015825
0.000217425
0.000148427
0.000154068
0.000170593
0.000250827
0.000212812
0.000200374
0.000142397
0.000154281
0.000186979
0.000201202
0.000260403
0.000279686
0.000177374
0.000178332
0.000196564
0.000132786
0.000168533
0.000211987
0.000165347
0.000128271
0.000170148
0.000198304
0.00022088
0.000175579
0.000325434
0.000185364
0.000176115
0.000182424
0.000162751
0.000277202
0.000151425
0.000144159
0.000227295
0.000245203
0.00014177
0.000149752
0.000334273
0.000165511
0.000158124
0.000151796
0.000139941
0.000274804
0.000200974
0.000182639
0.000142421
0.000201745
0.000155243
0.000157649
0.000214641
0.000184852
0.000195702
0.000188205
0.00015075
0.000260378
0.000240795
0.000234993
0.000189865
0.000299516
0.000196127
0.000201568
0.00013691
0.000304733
0.000503671
0.000389247
0.000448096
0.000583393
0.000398277
0.000596063
0.000349762
0.000387033
0.000282632
0.000385997
0.000485162
0.000449178
0.000644354
0.000384766
0.000436425
0.000488506
0.000427774
0.000488421
0.00056249
0.000347046
0.000188644
0.000224736
0.000285778
0.000232089
0.000239348
0.000342871
0.000154646
0.000216814
0.000370522
0.000165238
0.000179035
0.000164614
0.000192217
0.000285838
0.000165161
0.000261433
0.0003875
0.000161432
0.000188044
0.000153094
0.000257302
0.000203077
0.000196196
0.000243653
0.000410911
0.000164632
0.000261024
0.000169371
0.00015623
0.000157768
0.000165791
0.000234744
0.000229375
0.000158185
0.000267738
0.000226168
0.000234725
0.000318254
0.000147808
0.000232432
0.000208897
0.000218955
0.000241659
0.000170314
0.000385894
0.000170912
0.000251962
0.000279257
0.000188662
0.000156359
0.000457888
0.000214592
0.00026643
0.000243374
0.00027576
0.00014916
0.000367821
0.000150585
0.000269588
0.000363715
0.000262335
0.000154262
0.000261616
0.000373782
0.000164301
0.000264438
0.000167504
0.000218902
0.000183123
0.000229167
0.000229765
0.000167303
0.000311271
0.000194389
0.000291683
0.000219091
0.000221758
0.000226905
0.000225013
0.000262176
0.000765222
0.000678509
0.000711593
0.000684356
0.000403984
0.000571109
0.000232239
0.000356084
0.000293493
0.000277335
0.000212794
0.000236399
0.000298693
0.000225104
0.000257298
0.000349599
0.000437448
0.000353647
0.000276596
0.000324677
0.000237536
0.000318745
0.000215766
0.000291769
0.000220905
0.00025
0.000238706
0.000210066
0.000219348
0.000256166
0.000298412
0.000331239
0.000413328
0.000238636
0.00043923
0.000372719
0.000201662
0.000230491
0.000233764
0.000451897
0.000210773
0.000354814
0.000243759
0.000327633
0.000428396
0.000391048
0.000293419
0.000190841
0.000202286
0.000242015
0.000286139
0.000252857
0.000269121
0.000276467
0.000245434
0.00032596
0.00022519
0.00018761
0.000233759
0.000338705
0.000219718
0.00024867
0.00048144
0.000336278
0.000219396
0.000372368
0.000274181
0.000315463
0.000356066
0.000357111
0.000294251
0.000347537
0.000397711
0.000255981
0.000268989
0.000283526
0.000333882
0.000539368
0.000299324
0.00046273
0.000271566
0.000256106
0.00025194
0.000320681
0.000283464
0.000373178
0.000292094
0.000259911
0.00027376
0.000394811
0.0014295
0.00042165
0.00039784
0.000263705
0.00027272
0.000296472
0.000278228
0.000238081
0.000301266
0.000592993
