0.00092145
0.000945045
0.000784623
0.00073574
0.000482388
0.000478531
0.000370646
0.000217192
0.000265009
0.0004449
0.00029705
0.000380149
0.00016411
0.00035718
0.000354334
0.000313566
0.00027741
0.000262864
0.00023546
0.000278755
0.000431375
0.000306087
0.000245855
0.000186214
0.000226971
0.000242436
0.000188958
0.000218213
0.000225309
0.000192787
0.000170969
0.000162276
0.000201951
0.000158967
0.000228173
0.000373198
0.000357605
0.000189577
0.000177105
0.00021066
0.000176085
0.000181092
0.000217227
0.000373382
0.000233112
0.000391788
0.000291848
0.00018847
0.000191557
0.000189837
0.000305927
0.000250446
0.00020058
0.000198907
0.000227242
0.000255201
0.000240241
0.000198056
0.000232265
0.000210691
0.000278511
0.000211822
0.000254401
0.000253043
0.000211481
0.000260414
0.000280927
0.000198159
0.000178948
0.000548795
0.00021579
0.000184145
0.0012596
0.000203012
0.000170347
0.000217097
0.000366899
0.000297974
0.000162396
0.000186252
0.000266432
0.000344684
0.000193169
0.000286788
0.000167088
0.00020691
0.000296211
0.000252802
0.000179494
0.000208559
0.000232641
0.000296844
0.000193671
0.000195676
0.000195361
0.000198958
0.000166061
0.000175815
0.000226857
0.000250382
0.000508756
0.000837122
0.000739449
0.000320503
0.000209604
0.000419915
0.000339392
0.000288772
0.000263879
0.000307334
0.000212733
0.000234068
0.000321278
0.000321573
0.000173445
0.000331474
0.000354065
0.000259506
0.000335873
0.000224623
0.000195472
0.000386525
0.000201664
0.00017155
0.000171495
0.000377025
0.000178324
0.000252505
0.000271532
0.000468306
0.000297789
0.000301358
0.000369765
0.000165644
0.0002825
0.000214867
0.000203165
0.000233122
0.000295176
0.000247169
0.000292432
0.000223187
0.000259191
0.000210913
0.000232202
0.000196783
0.000303548
0.000241163
0.000325054
0.000334839
0.000277112
0.000275661
0.000192348
0.000174657
0.000235936
0.00025416
0.000325021
0.000233204
0.000223332
0.00019332
0.000261868
0.000220688
0.000303977
0.000163902
0.000245761
0.000250385
0.000214205
0.000427834
0.000315967
0.000167264
0.000205848
0.000185334
0.00021296
0.000393497
0.000312652
0.000203982
0.000178604
0.000223557
0.000233572
0.000292086
0.000223746
0.000197495
0.000198031
0.000456923
0.000233945
0.000213057
0.000228724
0.000161853
0.000255177
0.000267396
0.000254191
0.000426445
0.00019853
0.000182726
0.000235499
0.000320776
0.000214402
0.000234014
0.000254981
0.000225984
0.000860078
0.000560169
0.000470373
0.000536083
0.000418478
0.000566018
0.000789241
0.000489853
0.000345508
0.000471903
0.000361985
0.000361901
0.000329368
0.000259747
0.000287153
0.000221162
0.000361474
0.000408925
0.000218323
0.000170841
0.000176295
0.000178719
0.000165753
0.000212098
0.000180696
0.00021178
0.000253412
0.000209465
0.000180062
0.000202949
0.000227275
0.00026446
0.000160302
0.000208235
0.000155028
0.000348318
0.000310589
0.000205793
0.00024229
0.000340647
0.000191005
0.000241042
0.000324432
0.000202613
0.000353101
0.000181969
0.000213152
0.000245317
0.000213157
0.000160071
0.000253558
0.000369843
0.000222502
0.00025584
0.000241277
0.000206508
0.000198816
0.000167371
0.000176512
0.000329994
0.0002347
0.000283436
0.00023642
0.000191388
0.000183048
0.000193587
0.000242865
0.000210969
0.000220581
0.000216421
0.000189692
0.000202744
0.000335173
0.000270884
0.000355177
0.000185293
0.000168632
0.000220346
0.00019766
0.000293814
0.000249964
0.000249377
0.000233815
0.000331818
0.000337427
0.000217097
0.000208931
0.000175197
0.000164637
0.000444277
0.000440887
0.00018507
0.000189955
0.000181932
0.00019939
0.000173487
0.000170402
0.000151902
0.000355853
0.000174309
0.000659666
0.000467361
0.000514123
0.000516053
0.000330313
0.000511159
0.000994589
0.000645807
0.000665798
0.000527271
0.000616283
0.000398146
0.000496019
0.000530138
0.000606148
0.000672167
0.000397393
0.000318939
0.000566099
0.000547062
0.000463834
0.000568038
0.000799855
0.000722883
0.000509991
0.000469153
0.000683267
0.000462608
0.000709101
0.000575031
0.000504341
0.000421534
0.00047704
0.000660614
0.000908801
0.000404399
0.00061563
0.000436033
0.000594872
0.000414253
0.000506858
0.000627658
0.000557251
0.000512625
0.000653827
0.000554854
0.000702282
0.000433173
0.000595211
0.000343761
0.000480245
0.000785047
0.000561222
0.000596661
0.000456493
0.000524691
0.000731496
0.000441197
0.000388302
0.000409097
0.000471033
0.000683109
0.000697572
0.000516728
0.000579088
0.000470156
0.000778533
0.000581692
0.000401495
0.000562611
0.000424328
0.00046847
0.000573547
0.000467697
0.000608464
0.000534079
0.000484938
0.000532242
0.000377458
0.000558394
0.000661587
0.000509445
0.000804189
0.000472406
0.00037307
0.000814001
0.000602523
0.000570561
0.000466359
0.000602389
0.000508587
0.000767939
0.000391527
0.000526931
0.000505046
0.000345836
0.00037365
0.000294865
0.00050924
0.000565887
0.000570908
0.000680278
0.000663913
0.000301161
0.000280106
0.000270982
0.000298021
0.000192029
0.000236049
0.00018315
0.000270848
0.000329566
0.000221957
0.000192981
0.000209075
0.000310394
0.000341566
0.000216946
0.000188946
0.000149216
0.000159234
0.000177344
0.000139658
0.000249187
0.000141527
0.000209341
0.000131544
0.000274072
0.000156091
0.000207629
0.000531103
0.000224395
0.000204976
0.000197013
0.000142608
0.000133257
0.00019172
0.00014389
0.000155673
0.000249825
0.000165857
0.000505004
0.000172575
0.000141804
0.000138529
0.00017965
0.000158609
0.000357539
0.000317646
0.000163137
0.000180019
0.000156133
0.000135571
0.000147831
0.000174812
0.000253861
0.000134022
0.000234115
0.000207171
0.000166301
0.000177077
0.000150528
0.000408948
0.000158764
0.00013555
0.000177276
0.000318206
0.000142092
0.000185157
0.000220327
0.00023191
0.000145863
0.000167341
0.000211738
0.000141073
0.000167597
0.000167954
0.000180467
0.000309823
0.000175907
0.000195917
0.000199712
0.000164126
0.000216998
0.000169972
0.000188587
0.000164943
0.000172196
0.000145343
0.000346245
0.000166139
0.000154611
0.000147513
0.000200417
0.000196851
0.00019104
0.000282774
0.000155885
0.000187712
0.000182119
0.000922113
0.00075827
0.000728107
0.000707207
0.000300741
0.000193102
0.000202194
0.000174294
0.00024575
0.00016551
0.000235438
0.000467108
0.000250996
0.000194119
0.000187989
0.000290739
0.000249083
0.000208271
0.000136991
0.000189426
0.000188528
0.000130918
0.000162208
0.000126671
0.000156745
0.000263085
0.000178281
0.000139429
0.000127716
0.000127248
0.000175424
0.000205972
0.000120626
0.000147589
0.000223062
0.000125671
0.00013268
0.000175319
0.00012621
0.00015728
0.000195971
0.00013046
0.000131436
0.00012259
0.000168044
0.000138821
0.000179427
0.000130899
0.000264162
0.000135871
0.000274175
0.000154335
0.000160752
0.000126253
0.000158237
0.000138232
0.000134641
0.000122128
0.000184326
0.000190892
0.000155705
0.000239599
0.000143096
0.000207299
0.000174753
0.000128598
0.000146374
0.000137928
0.000200507
0.000232258
0.000166918
0.000172918
0.000136533
0.000147737
0.0001301
0.000133795
0.000131423
0.000157572
0.000138789
0.000148598
0.00012248
0.000130759
0.000160089
0.000302175
0.000302165
0.000144485
0.000170442
0.000153452
0.000281004
0.000113014
0.000116933
0.000169354
0.000146287
0.000162027
0.000145063
0.000176572
0.000193835
0.000164074
0.000133103
0.000198544
0.00064367
0.000779359
0.000907959
0.000420417
0.000310439
0.000341935
0.000303813
0.000214458
0.000223717
0.000145648
0.000181172
0.000187073
0.000156763
0.00018136
0.00014538
0.000152307
0.000181726
0.000175491
0.000433618
0.000136204
0.000140232
0.000175869
0.000171755
0.000175092
0.000274078
0.000241277
0.000187361
0.000137178
0.000178847
0.000148676
0.000180877
0.000179814
0.000146799
0.000151815
0.000164764
0.000199767
0.00021771
0.000134325
0.000155675
0.00014551
0.000226727
0.000146118
0.000162749
0.000301727
0.000187511
0.00026281
0.000171267
0.000306061
0.000268888
0.00016131
0.000216119
0.000187898
0.000241132
0.000249176
0.000166737
0.000178843
0.00016711
0.000183626
0.000166085
0.000195731
0.000162439
0.000143609
0.000139208
0.00026415
0.000216548
0.000133093
0.000176978
0.000195863
0.00033799
0.000179633
0.00017833
0.000171723
0.000280072
0.000192062
0.00015301
0.000212841
0.000209158
0.000175432
0.000224642
0.000187747
0.000235629
0.00026895
0.000167908
0.000186018
0.000135738
0.000190593
0.000156497
0.000162929
0.000273564
0.000201736
0.000224857
0.000291174
0.000216484
0.000312429
0.000188664
0.000203431
0.000153034
0.000180912
0.000349712
0.000147775
