0.000860025
0.000806372
0.0008063
0.000949183
0.000853312
0.000358089
0.000424023
0.000252005
0.000249245
0.000187428
0.000154478
0.000150644
0.000179962
0.0001375
0.000179475
0.000211158
0.000142482
0.000235106
0.000389526
0.000229441
0.000190157
0.000167282
0.000312678
0.000145912
0.000207399
0.000304092
0.00014398
0.000287599
0.000157852
0.000143396
0.000249981
0.000156717
0.000173483
0.000168579
0.000210535
0.000130008
0.000142176
0.000424367
0.000138498
0.000323372
0.000203241
0.00018914
0.000222756
0.000197807
0.000220907
0.000197184
0.00015622
0.000175914
0.000172505
0.000183044
0.000178942
0.000216168
0.000182665
0.000272867
0.000133338
0.000192749
0.000135038
0.000226269
0.000245899
0.000173158
0.000193892
0.000161328
0.000250009
0.000213487
0.000176614
0.000171965
0.000162205
0.00020741
0.000187926
0.000205634
0.000187234
0.000154888
0.000182788
0.000205496
0.000235969
0.000147987
0.000225014
0.000156036
0.00014369
0.000153587
0.000232648
0.000202015
0.000170476
0.000200024
0.00014523
0.000347459
0.000165423
0.000312394
0.000146013
0.000191106
0.000278346
0.000228191
0.000243903
0.000270794
0.000250642
0.000166963
0.000213297
0.000203648
0.000344693
0.000185427
0.000722375
0.000854396
0.00063562
0.000939366
0.000802523
0.000442934
0.000295255
0.000155167
0.000204731
0.000200365
0.000178154
0.000166288
0.000203399
0.000166509
0.000165947
0.000182945
0.000150181
0.000184883
0.000181371
0.00014962
0.000152688
0.000154414
0.000189755
0.000230004
0.000222508
0.000224733
0.000141129
0.000169408
0.000275913
0.00015757
0.000202583
0.000337693
0.000198092
0.000236122
0.000138981
0.00024167
0.000168955
0.00015027
0.000190663
0.000212785
0.000213244
0.000154839
0.000250254
0.000164757
0.000161151
0.000186957
0.000268918
0.000124029
0.0002549
0.000141134
0.000161867
0.000182282
0.000170505
0.000235931
0.000240351
0.000153414
0.000302626
0.000141223
0.000143446
0.000199173
0.000212565
0.000236218
0.000290297
0.000148075
0.00016401
0.000183338
0.000135195
0.000147593
0.000279371
0.000140996
0.000156969
0.000165671
0.000139343
0.000209742
0.00016554
0.000229868
0.000156541
0.00014015
0.000185384
0.000179812
0.000157892
0.000250658
0.000140309
0.000156012
0.000309517
0.000161386
0.000190136
0.000271892
0.000133402
0.000142737
0.000157343
0.000237021
0.000144931
0.000174502
0.00018908
0.000189921
0.000324403
0.00032298
0.000164196
0.000166007
0.000956502
0.000682308
0.000353956
0.000238134
0.00023331
0.000174639
0.00028886
0.000212586
0.000154928
0.000131232
0.000361688
0.00018453
0.00022241
0.00024129
0.000205778
0.000263333
0.000286109
0.000145317
0.000193599
0.000169682
0.000154682
0.000289576
0.000133803
0.000140281
0.000254322
0.000155886
0.000142643
0.000142711
0.000203588
0.000181738
0.000237737
0.000149093
0.000306571
0.000166411
0.000194478
0.000310284
0.000306708
0.000278047
0.000209116
0.000132518
0.000271294
0.000110007
0.000254845
0.000128405
0.00019481
0.000126087
0.00014692
0.000143708
0.000153014
0.000158031
0.00015895
0.000130108
0.000126653
0.000128577
0.00021059
0.000169812
0.000148504
0.000169059
0.000222159
0.000143025
0.000129959
0.000158257
0.000172913
0.000246659
0.000179844
0.000134964
0.000168344
0.000100197
0.000211451
0.000163934
0.000119135
0.00016997
0.0002352
0.000149044
0.000147788
0.000224692
0.00015233
0.000132239
0.000154235
0.000122749
0.000197566
0.00019263
0.000164497
0.000133889
0.000150304
0.000115855
0.000161742
0.000160397
0.000183274
0.000145571
0.000135255
0.000168025
0.00015151
0.000118234
0.000190589
0.000143666
0.000144078
0.000153832
0.00021531
0.000119158
0.000947069
0.000770213
0.000537539
0.000492534
0.000417538
0.000212331
0.000230079
0.000222477
0.00179236
0.000235833
0.000190323
0.000146878
0.000160526
0.000172688
0.00016622
0.000255493
0.00018486
0.000318548
0.000224354
0.000158267
0.000257727
0.000162318
0.000220332
0.000190423
0.000185454
0.00045667
0.000200817
0.000218969
0.000140886
0.000163817
0.000193564
0.000171098
0.000136035
0.000185207
0.000174763
0.000137224
0.000331006
0.000238899
0.000175279
0.000211641
0.000128267
0.000177296
0.000171807
0.000169607
0.00039114
0.000252186
0.000216015
0.000217576
0.000143596
0.000147414
0.000191241
0.000145075
0.000229361
0.000232014
0.000192664
0.000848135
0.00021955
0.00036847
0.000150563
0.000216821
0.000260339
0.000165572
0.000191991
0.000149971
0.000144844
0.00020986
0.000371668
0.000177678
0.000373045
0.000149824
0.000167732
0.000180982
0.000161583
0.000218977
0.000196799
0.000185525
0.000287317
0.00023306
0.000144482
0.000165165
0.000159002
0.00016762
0.000154477
0.000141761
0.00017542
0.000196128
0.000220006
0.000246184
0.000288984
0.000230008
0.000161928
0.000213566
0.000204672
0.000171033
0.000154102
0.000149768
0.000205696
0.000202239
0.00017187
0.000191843
0.000690793
0.000615283
0.000484274
0.000562335
0.000263459
0.000174547
0.000226554
0.000250841
0.000167745
0.000296787
0.000169348
0.000369818
0.000202468
0.000306704
0.000280506
0.000170509
0.000153835
0.000159774
0.000235302
0.000150164
0.000158537
0.00015441
0.000221162
0.000199575
0.000151346
0.000321867
0.000323013
0.000162724
0.000143788
0.000140293
0.000170876
0.000145135
0.000154259
0.00013626
0.000173686
0.000135908
0.000140745
0.000156276
0.000206163
0.000196034
0.000181017
0.000150806
0.000283885
0.000142073
0.000177143
0.000155448
0.000162368
0.000195571
0.000122555
0.000215695
0.000247711
0.000166826
0.000158777
0.000155284
0.000193155
0.000257356
0.000212107
0.000188399
0.000208443
0.000167566
0.000127788
0.000140223
0.00015711
0.000130436
0.000152364
0.000140742
0.000183511
0.000254945
0.00018662
0.000192858
0.000190217
0.000169584
0.00012632
0.000165878
0.000146365
0.000126304
0.000167414
0.000126863
0.00017211
0.000188134
0.000140205
0.000175043
0.000198547
0.00018513
0.000254256
0.000126299
0.000134566
0.00024469
0.000170581
0.000168565
0.000139972
0.00017986
0.000179033
0.000166225
0.00017937
0.000206631
0.000198023
0.000132008
0.000153288
0.000150576
0.000895248
0.000759405
0.000633863
0.00061371
0.000444479
0.000459252
0.000402059
0.000367498
0.000260606
0.000196584
0.000139846
0.000153921
0.000293296
0.000138458
0.000343645
0.000310661
0.000166295
0.000239517
0.000349169
0.000168881
0.000144722
0.000149374
0.000155604
0.000166907
0.000169467
0.000170619
0.000256268
0.000181218
0.000201662
0.0001633
0.000147487
0.000140728
0.000179673
0.000175343
0.00015277
0.000168787
0.000216175
0.000139481
0.000192421
0.000205918
0.000151121
0.000189831
0.00019477
0.000169027
0.000132342
0.000175467
0.000160984
0.000232071
0.000147942
0.000189415
0.000137853
0.000189121
0.000219611
0.00017444
0.000235781
0.000183136
0.000188182
0.000164283
0.000184674
0.000284794
0.000181364
0.000172742
0.00019019
0.000149015
0.000222443
0.000201578
0.00013661
0.000177487
0.000143127
0.000120685
0.000225542
0.00019039
0.000147464
0.000158872
0.000172011
0.000199776
0.000141623
0.000182797
0.000169867
0.000194763
0.000213369
0.00020709
0.000124688
0.000160845
0.000129732
0.000137386
0.000154683
0.000197888
0.000152509
0.000137621
0.000206074
0.000149807
0.000165727
0.000177901
0.000201998
0.000139838
0.000214532
0.000255228
0.000141206
0.000182611
0.000388784
0.00042621
0.000585676
0.000508947
0.000479022
0.000482263
0.000462116
0.000428896
0.000248822
0.000376662
0.000307306
0.000157313
0.000246953
0.000132645
0.000140345
0.000184298
0.00018762
0.000205081
0.00015734
0.000153823
0.000185119
0.000194122
0.000352166
0.000319005
0.000155837
0.000164854
0.000163253
0.000152986
0.000190698
0.000162896
0.00019281
0.000295405
0.000308979
0.000172462
0.000177493
0.000198586
0.000281279
0.000216098
0.000137605
0.000249451
0.000175848
0.000193276
0.000189574
0.000182376
0.000236788
0.000263787
0.000226981
0.000173321
0.00014883
0.00012533
0.000195514
0.000198033
0.000187473
0.000175223
0.000171894
0.000173643
0.000167488
0.000186908
0.000192881
0.000143914
0.000196293
0.000139575
0.000241826
0.000217805
0.000168874
0.000206063
0.000154071
0.000209638
0.000250158
0.000187512
0.000188619
0.000147617
0.000184715
0.000272339
0.00022384
0.000165824
0.000191462
0.000194821
0.000313562
0.000242555
0.000173272
0.000183892
0.000191945
0.000148279
0.00012837
0.000208032
0.000260881
0.000188406
0.000168209
0.00013434
0.000140475
0.000155094
0.000155468
0.000300444
0.000148958
0.000139257
0.000168193
0.000171258
0.000323181
0.00019094
