0.000652555
0.00114376
0.000817266
0.000751096
0.000414131
0.000286216
0.000273856
0.000188574
0.000189439
0.000195887
0.000191122
0.000185128
0.000218143
0.000147909
0.000160834
0.000265864
0.000198297
0.000359183
0.000204985
0.000161109
0.000143688
0.000227308
0.000231372
0.000164991
0.000301843
0.000173216
0.000203846
0.00028454
0.000235597
0.000182989
0.000169308
0.00017004
0.000195952
0.000345154
0.000201836
0.000200321
0.000153336
0.000149339
0.00022323
0.000138213
0.00019502
0.000285112
0.000168697
0.000175997
0.000330511
0.000195535
0.000244515
0.000167874
0.000156457
0.000183804
0.000364666
0.00019037
0.000304458
0.000195778
0.000187715
0.000138285
0.000195198
0.000182719
0.000218861
0.000195825
0.000138803
0.000181907
0.000211699
0.000187701
0.000230144
0.00016984
0.000145767
0.000188259
0.000303808
0.000203659
0.000323859
0.000287418
0.000147777
0.000188916
0.000153458
0.00039665
0.000161404
0.000164947
0.000164352
0.000360894
0.000183844
0.000183815
0.000334469
0.000147105
0.000178194
0.000244597
0.000319271
0.000156687
0.000201913
0.000279766
0.000227077
0.000259006
0.000281868
0.000222182
0.000199513
0.000190181
0.000779985
0.000220365
0.000168443
0.00015754
0.000765813
0.000968227
0.00052994
0.000963938
0.000420987
0.00033378
0.000423064
0.000283378
0.000146903
0.000222895
0.000169309
0.000292793
0.000243888
0.000281802
0.000334393
0.000145512
0.000195869
0.000280175
0.000146192
0.000140679
0.000193207
0.000228142
0.000151671
0.000157476
0.00018328
0.000207651
0.000189533
0.000154411
0.000164307
0.00019219
0.000308413
0.000175096
0.000165557
0.00014491
0.000138219
0.000233571
0.000218371
0.000173252
0.000194552
0.000149332
0.000139718
0.00014558
0.00018438
0.000174093
0.000174894
0.000146733
0.000146471
0.000200055
0.000182986
0.000176746
0.000179106
0.00013419
0.000158446
0.000186257
0.000270487
0.000328017
0.00012714
0.000208128
0.000364418
0.000124255
0.000240193
0.000170673
0.000138047
0.000127358
0.000297248
0.000181066
0.000266867
0.000184613
0.000155328
0.000154205
0.000149255
0.000174956
0.000300423
0.000305248
0.000202345
0.000161883
0.000146485
0.000178626
0.000156228
0.000200644
0.00025
0.000153253
0.000141173
0.000212798
0.00017737
0.000142565
0.000271711
0.000182981
0.00017101
0.000204012
0.000238114
0.000264055
0.00015457
0.000152599
0.000127368
0.000282115
0.000157029
0.000243717
0.000216132
0.000126434
0.000960014
0.000804973
0.000605292
0.000612168
0.000885591
0.000730622
0.000409661
0.00029752
0.000359625
0.000289077
0.000209194
0.00017467
0.000209294
0.000251622
0.000244239
0.000296503
0.000187487
0.000166468
0.000207295
0.000373293
0.000332211
0.00041175
0.000282446
0.00019979
0.000268489
0.000214428
0.000170037
0.000246959
0.000290487
0.000247153
0.000283533
0.000287875
0.000240569
0.000194584
0.000212854
0.000253428
0.000168731
0.000314622
0.000269192
0.000445205
0.000199088
0.00025837
0.000286653
0.00030176
0.000200464
0.000185288
0.000212025
0.0001858
0.00031223
0.000215242
0.000241696
0.000332227
0.000199149
0.000250792
0.000215714
0.000404186
0.000520045
0.000292852
0.000332255
0.000418398
0.000329371
0.000255342
0.000254244
0.000190074
0.000315334
0.000173529
0.000259469
0.000337317
0.000301158
0.000197304
0.000220047
0.000369668
0.000246898
0.000194938
0.000239982
0.000340327
0.00020208
0.000216154
0.000204631
0.000207457
0.000187966
0.000174775
0.000213788
0.000189391
0.000209495
0.000188983
0.000198463
0.000278314
0.000222133
0.000278028
0.00022084
0.000307887
0.000221703
0.000286299
0.000199872
0.000246626
0.000269938
0.000344963
0.0003147
0.000136079
0.000923153
0.000881005
0.000829175
0.000419982
0.000336271
0.000241059
0.000206882
0.000140499
0.000240238
0.000141771
0.000177426
0.000196431
0.000279836
0.000145296
0.000143579
0.0001796
0.000163505
0.000194156
0.000184176
0.000131996
0.000185306
0.000285885
0.000170439
0.000305862
0.000156441
0.000175735
0.00021256
0.000168317
0.000226578
0.000171628
0.00024123
0.000142942
0.00014854
0.000298637
0.000236843
0.000323802
0.000170613
0.000131148
0.000242697
0.00017764
0.000277911
0.000161935
0.000142165
0.000190544
0.000165863
0.000200885
0.000190972
0.000147073
0.000225694
0.00015806
0.000177364
0.000244166
0.000424329
0.000352493
0.000369832
0.000210652
0.000202225
0.000251018
0.000167324
0.000169545
0.000174378
0.000143707
0.000189472
0.000221014
0.000193489
0.000150375
0.000208038
0.00024251
0.000157761
0.000172831
0.000167933
0.000227006
0.000147218
0.00017796
0.000156028
0.000141535
0.000170324
0.000186907
0.000212125
0.000206118
0.000162431
0.000356415
0.000182315
0.000236667
0.000172972
0.000155616
0.000315057
0.000264687
0.000186054
0.000212297
0.000170911
0.000178376
0.000208057
0.000220802
0.000192268
0.000153153
0.00015556
0.000219307
0.000197274
0.000274629
0.00054099
0.0007288
0.000570396
0.00034469
0.000361803
0.000382194
0.000372065
0.000255794
0.000180492
0.000274553
0.000204555
0.000155879
0.0001709
0.00028161
0.000157061
0.000188968
0.00015934
0.000151116
0.000137246
0.0001846
0.000183557
0.000181907
0.000149537
0.000174094
0.000140392
0.000191516
0.000242401
0.00015453
0.000177874
0.000266035
0.000268833
0.000143686
0.000165338
0.000162824
0.0001447
0.000147309
0.000132492
0.000172872
0.00023158
0.000160935
0.000258013
0.000353776
0.000206182
0.000372008
0.00017969
0.000186826
0.000262973
0.000230725
0.000145742
0.000189781
0.00020632
0.000212544
0.000124488
0.000284338
0.000253269
0.000174271
0.000251015
0.000149128
0.000184836
0.000245505
0.000166222
0.000168394
0.000201154
0.000206365
0.000245512
0.00023816
0.000217977
0.000139981
0.000175507
0.000287171
0.000161531
0.000150826
0.000185763
0.000148431
0.000172752
0.000155948
0.00024824
0.000171093
0.000205019
0.000176022
0.000140387
0.000167244
0.000183594
0.000126936
0.000188937
0.000141252
0.00016406
0.000145723
0.000139615
0.000254194
0.000154162
0.000140717
0.000131381
0.000222976
0.00013954
0.000186597
0.000229788
0.000184433
0.000188025
0.000273006
0.000743772
0.000737704
0.000808168
0.000281496
0.000313721
0.000366071
0.000174603
0.000210678
0.000212671
0.000218301
0.000189697
0.000308944
0.000217955
0.000293024
0.000232019
0.000261717
0.000362364
0.000358122
0.000377874
0.000183275
0.000166816
0.000278935
0.000191029
0.000257916
0.000185742
0.000158327
0.000249766
0.00020128
0.000346214
0.000198993
0.000223514
0.000345132
0.000183822
0.000315415
0.000178777
0.000232444
0.000242763
0.000340431
0.000233507
0.000191306
0.000212612
0.000182702
0.000262778
0.000284286
0.000335086
0.00020767
0.000217078
0.000302347
0.000213567
0.000195032
0.000397633
0.000308331
0.00034202
0.000338331
0.000204678
0.000199601
0.000282663
0.000270297
0.000626838
0.00020117
0.000297569
0.000235052
0.000306837
0.000303386
0.000237812
0.000164705
0.000214765
0.000240191
0.000216909
0.000309082
0.000188231
0.000202629
0.000143652
0.000144367
0.000205491
0.000171725
0.000177907
0.000254716
0.000161737
0.000174069
0.000210623
0.000142052
0.000124848
0.000231743
0.000261467
0.000247013
0.000170678
0.000264698
0.000248545
0.000151155
0.000242411
0.000155831
0.000189608
0.000185623
0.000174155
0.000363658
0.000191664
0.000228018
0.000142574
0.000244813
0.000754078
0.000703355
0.000865975
0.000820064
0.000448482
0.000660443
0.000316447
0.000125542
0.000331214
0.000147698
0.00024443
0.000162908
0.000236065
0.000187971
0.000237504
0.000191873
0.000164396
0.000143513
0.00017402
0.000244142
0.000135282
0.000171474
0.00018443
0.000213223
0.000141166
0.000193483
0.000147346
0.000132996
0.000238209
0.000160852
0.000158864
0.000308252
0.000196601
0.000250552
0.000284196
0.000135456
0.000154454
0.000218889
0.000169571
0.000159752
0.000209827
0.000148763
0.00017117
0.000136074
0.000192156
0.000146764
0.000234276
0.000173591
0.000147397
0.000145852
0.000179284
0.000201737
0.000143343
0.000177384
0.000139758
0.00014441
0.000447112
0.000191347
0.00015793
0.00016727
0.000207132
0.000158519
0.000177174
0.000141113
0.000245398
0.00022487
0.000152689
0.000157634
0.000182003
0.000253918
0.000211716
0.000747808
0.000149823
0.000263783
0.000147227
0.000353411
0.000307762
0.00023497
0.000158422
0.000253882
0.000150527
0.000145335
0.00028498
0.000309576
0.000149389
0.000307405
0.000145609
0.000219098
0.000150749
0.000254339
0.000349124
0.00032246
0.000270169
0.000138695
0.000174518
0.000193338
0.000143388
0.000150934
0.000241968
0.000141493
